SpecificEnergy,SEIGrouth,TempIncrease,Price,UpperViolation,LowerViolation,VolFracViolation,TotalTime,CompilationTime,SolvingTime,Failure,TimeSteps,LastVoltage,C,la,lp,lo,ln,lz,Lh,Rp,Rn,Rcell,efp,efo,efn,mat,Ns,Np
369270.9992451186,2.385276893990552e-15,0.003128094248158889,555746.537921436,69.36404488187367,-69.73404488187367,-0.79825745,713.9796724999906,0.02284854097524658,713.9568239590153,,7308530,2.6998861148805027,2.281051,2.5005990000000003e-05,0.00022324075000000002,5.0222350000000005e-05,7.728725e-05,2.726805e-05,0.0804751,1.486505e-06,4.8366252500000005e-05,0.021503815000000003,0.06804715,0.04519645,0.01849895,LFP,19,97
153253.1835737774,2.180884112995357e-15,0.02641939220329186,116871.38677411855,292.92929267567786,-293.29929267567786,0.08592834999999999,56.228241416974925,0.021632208954542875,56.20660920802038,,483400,2.6984612562869645,1.453905,2.039979e-05,0.00016868695,5.0918050000000006e-05,0.00013725485,2.879139e-05,0.053720500000000004,9.958529e-06,3.9407742500000005e-05,0.023221825,0.43954065,0.44276205,0.13362565,LFP,77,9
447638.38684469723,2.394492215262908e-15,0.004078248204678504,1253695.386828566,310.96527324005655,-311.33527324005655,-0.32690645000000007,173.92406245903112,0.024215959012508392,173.8998465000186,,1728780,2.699989132858468,2.2479150000000003,1.2481770000000001e-05,0.00021010945000000004,4.4953750000000006e-05,4.945395e-05,1.572177e-05,0.0867733,3.9750500000000004e-07,9.329562500000002e-06,0.024287785000000003,0.10906985,0.42279645000000005,0.07122724999999999,LCO,81,42
359447.13138330146,2.4790605176435076e-15,0.01601659144667314,1119387.5579561684,338.34089920466346,-338.71089920466346,-0.31430405000000006,159.50822179199895,0.01227204198949039,159.49594975000946,,1549550,2.6997872172807265,3.4487910000000004,1.282881e-05,0.00024873265000000005,6.569965000000001e-05,0.00012356755000000002,1.6885290000000002e-05,0.09116170000000001,1.6070195000000004e-05,2.3801877500000005e-05,0.023481805,0.23450975,0.24084045,0.14034575000000002,LCO,89,34
34375.06680010772,2.2528599629508806e-15,0.00246624054646238,172860.90301671845,320.4533969777146,-320.8233969777146,-0.010955549999999925,489.2510164999985,0.015461750037502497,489.235554749961,,4965140,2.6998407610562345,1.3550289999999998,2.179533e-05,0.00016175905000000002,4.208905e-05,0.00012613935,1.824231e-05,0.09822550000000002,1.7983271000000002e-05,2.6249157500000007e-05,0.0068886550000000005,0.30071955,0.15753245000000002,0.4607924500000001,LFP,84,72
118867.89032428461,2.285079101728376e-15,0.0020927148828214026,340192.58365399,150.51857771306535,-150.88857771306536,0.07435254999999985,469.9656664999784,0.02477083296980709,469.9408956670086,,4832890,2.6999623941040385,0.884817,1.474851e-05,0.00019826125,1.0764550000000002e-05,0.00014412545,1.448967e-05,0.0513787,1.5572621e-05,1.6533792500000004e-05,0.021698905,0.52523225,0.04942085000000001,0.42969945000000004,LCO,40,55
144783.85504964535,2.462044790107772e-15,0.0006808280159769596,108071.99826394055,50.041374435791816,-50.411374435791814,0.21448345000000002,1593.6762282919954,0.014516583003569394,1593.6617117089918,,16357760,2.6999776505145294,0.516141,2.664831e-05,0.00014899105000000003,3.3611050000000004e-05,8.220975e-05,1.2096390000000001e-05,0.0612733,6.358493000000001e-06,1.6923852500000002e-05,0.015279625000000002,0.29273685000000005,0.30970525000000004,0.5420413500000001,LCO,14,97
58250.34981423609,2.7028004298475656e-15,0.08933578057822342,9026.456139155505,45.61598728649334,-45.98598728649334,0.027618649999999967,29.972968000045512,0.01953895902261138,29.9534290410229,,194660,2.69605791807292,3.513961,1.344315e-05,0.00020350705,5.0683150000000006e-05,8.271465000000001e-05,2.3618190000000003e-05,0.0531241,1.8226217000000005e-05,1.3170267500000001e-05,0.014998225,0.54495005,0.21768885000000004,0.19497975000000003,LCO,13,9
12153.837638617078,2.0526557195862287e-15,0.008438015461065368,28942.753371318708,139.1863015383533,-139.5563015383533,-0.02584715000000004,63.25898225000128,0.008748665975872427,63.25023358402541,,578780,2.698755215917027,3.2772210000000004,1.9458390000000003e-05,4.8720250000000005e-05,2.7914050000000008e-05,0.00014769825,2.799867e-05,0.0885445,9.989417000000001e-06,3.69441275e-05,0.005354815000000001,0.09332864999999999,0.43721605,0.37360814999999997,LCO,37,52
418114.70365363435,2.607919732207864e-15,0.006041220624527741,412027.2765202544,218.18502929198544,-218.55502929198545,-0.005297449999999926,223.26549162500305,0.012621917005162686,223.2528697079979,,2235560,2.6996653261610764,1.440871,2.3259630000000002e-05,0.00013272025000000002,7.069105000000001e-05,7.968745e-05,2.4560850000000004e-05,0.06421510000000001,1.4610341000000002e-05,8.859312500000001e-06,0.024885865000000004,0.019973950000000004,0.41194635,0.49278225000000003,LFP,58,30
69852.36047323892,2.710570009934621e-15,0.6678226594983891,2016.8244530056027,62.91029760847436,-63.280297608474356,0.06928444999999994,14.94447708298685,0.023431000008713454,14.921046082978137,,69970,2.695561548540998,2.5597430000000005,2.9982090000000005e-05,0.00014730055000000003,7.077205000000001e-05,9.459575000000001e-05,2.057493e-05,0.044354500000000005,1.9914167000000003e-05,3.4847802500000006e-05,0.014821195000000002,0.25900065,0.14773845000000002,0.59254535,LFP,18,2
125350.54951592616,2.4112956862585104e-15,0.0011099348834171813,496999.9088718301,242.81039944304442,-243.18039944304442,-0.08765554999999992,729.6537729999982,0.009163666982203722,729.644609333016,,7636230,2.6999957954988774,0.571659,1.595163e-05,0.00010533415,2.5927750000000003e-05,0.00013936905000000002,2.162307e-05,0.07238050000000001,2.981999e-06,9.001872500000002e-06,0.015945955000000005,0.23985515000000004,0.24759005,0.35489925000000005,LCO,64,66
70657.5663357439,2.193133271883382e-15,0.0006250766687351891,52767.02814993472,54.07921235932322,-54.44921235932322,-0.13087894999999994,1508.8836999170016,0.03927166701760143,1508.844428249984,,14865700,2.6999472511746077,0.292929,1.538283e-05,0.00010503175000000002,6.560065000000001e-05,9.611595000000001e-05,2.6167710000000004e-05,0.0427501,9.728651e-06,3.50165975e-05,0.014603005000000002,0.16364485000000004,0.50016905,0.13530715000000001,LCO,15,60
188957.01942728343,2.2904846788815298e-15,0.005325597471622984,481787.65667738084,154.31964818448284,-154.68964818448285,0.2739495499999999,222.08266358298715,0.06765254202764481,222.0150110409595,,1907670,2.6999757091893906,3.4657010000000006,1.8553710000000002e-05,0.00013841335,2.263105e-05,0.00014167025,1.200837e-05,0.0431263,1.8857045000000002e-05,1.63145075e-05,0.023756905000000005,0.33496315000000004,0.59832735,0.27065905,LCO,41,87
190811.59559505788,2.2151864685215148e-15,0.0013513616014269895,378117.36806981213,139.04083545023704,-139.41083545023704,-0.1699546500000001,1201.8976761660306,0.17645629099570215,1201.7212198750349,,11163110,2.699939848798412,0.403509,2.703297e-05,0.00022469395000000004,9.460855000000001e-05,0.00014605595,2.105751e-05,0.08292250000000001,1.3812797000000001e-05,3.35459525e-05,0.021837085000000003,0.37783255,0.22912895,0.15308385000000002,LFP,37,39
57795.082749664,2.3611874960017915e-15,0.004519529243836843,188429.53920050233,104.05066725093114,-104.42066725093115,-9.954999999994829e-05,280.1288092500181,0.050319167028646916,280.07849008298945,,2771150,2.699918885132869,2.5282790000000004,2.249229e-05,0.00020145955000000002,9.479845000000001e-05,0.00011959545,2.145135e-05,0.0689029,1.8836453000000003e-05,1.8456372500000003e-05,0.014079265000000002,0.45299855,0.15345555000000002,0.32344635000000005,LCO,28,77
209781.9504435069,2.1935996238209808e-15,0.007235622060189753,143297.36730343997,38.598097359079745,-38.96809735907974,0.5276672499999998,85.78530120797222,0.01828816597117111,85.76701304200105,,797950,2.699932484213552,3.6685450000000004,1.5426930000000002e-05,0.00012202915,4.384585e-05,9.059615000000001e-05,1.2848070000000001e-05,0.0697507,3.2104910000000004e-06,2.32618325e-05,0.023273065000000003,0.57919955,0.42620665,0.45226105,LCO,11,69
4318.999924622307,2.3797203187919166e-15,0.00491603004855077,26690.03009177983,238.78047648831162,-239.15047648831163,-0.39272684999999996,146.5455591249629,0.014683624962344766,146.53087550000055,,1469080,2.6991705992051,2.353555,2.1501570000000002e-05,0.00018194005,5.7777850000000005e-05,0.00014886205,1.5185730000000001e-05,0.0677101,5.955959e-06,2.2277975000000003e-06,0.004064155,0.43259635,0.04626435,0.05841245000000001,LFP,63,52
88566.69293314821,2.1060606274113443e-15,0.007058913172985019,105845.03984388616,30.896588289395066,-31.266588289395067,-0.22600465000000003,76.30449754098663,0.02488791599171236,76.27960962499492,,685820,2.6992402375063267,3.9152030000000004,2.7646590000000003e-05,7.229065e-05,8.211745e-05,0.00011483574999999999,1.4819790000000001e-05,0.06481390000000001,2.9166590000000007e-06,2.7787617500000006e-05,0.018980245000000003,0.40849485,0.24946035000000003,0.04604015,LCO,9,76
385245.3866431969,2.1240425300943494e-15,0.0008100679260644334,1180123.091887058,309.32694651426453,-309.69694651426454,-0.2762372500000001,883.6950910420273,0.02239679201738909,883.67269425001,,9050740,2.6999769078089226,0.32283500000000004,2.7727230000000003e-05,7.613575e-05,4.379815000000001e-05,8.700575000000001e-05,2.559315e-05,0.0797221,6.721625e-06,4.6861947500000006e-05,0.023848465000000003,0.08926944999999999,0.44483884999999995,0.11965445,LFP,81,51
85221.01167480843,2.1445543652281734e-15,0.001960064482413061,612811.9658829588,274.406507610926,-274.776507610926,-0.12966944999999996,511.12882708298275,0.013925125007517636,511.11490195797523,,5206330,2.69994546153713,0.655259,2.8631910000000003e-05,0.00022685485,7.059565000000002e-05,0.00013389105,2.6992650000000003e-05,0.0978601,1.5930803000000005e-05,3.7417347500000005e-05,0.017117125,0.5862736500000001,0.10385425000000001,0.11020265,LCO,72,44
54934.23790884887,2.0532174420139602e-15,0.0020228121937134703,136889.08421177775,212.77147966473632,-213.14147966473632,-0.023699550000000014,170.1610979590332,0.012955875019542873,170.14814208401367,,1675800,2.699464785428477,0.628735,2.473257e-05,5.376235e-05,2.221525e-05,0.00010608855,2.552079e-05,0.08608690000000001,7.761917000000001e-06,3.5094312500000005e-05,0.011235025000000001,0.40702574999999996,0.39127275,0.10800194999999999,LFP,56,40
14289.313470294775,2.2694016129669775e-15,0.001215807603600348,22433.386992213575,378.36691899838127,-378.73691899838127,0.16816255000000002,356.54718758398667,0.025527500023599714,356.52166008396307,,3600390,2.6998073615015112,0.274803,2.3630609999999998e-05,7.231585e-05,3.5806150000000006e-05,4.381975000000001e-05,2.040087e-05,0.07427530000000002,7.354235e-06,2.5194312500000005e-05,0.004523845,0.42893835,0.37605665000000005,0.29316755000000005,LFP,99,29
26719.663206341265,2.5024494915943245e-15,0.0007203855054275167,94395.91018888565,381.0473486463905,-381.4173486463905,0.05571445000000008,1546.2021122089936,0.021691375004593283,1546.180420833989,,15737330,2.6999831311776843,0.20191900000000002,2.971101e-05,0.00021247615000000001,4.2020650000000006e-05,8.999225e-05,2.613081e-05,0.0810793,8.487389e-06,1.3703877500000001e-05,0.007464895000000001,0.49703615,0.14222195,0.34645635,LFP,100,36
9509.868135179306,2.3120079164611063e-15,0.004757633876911096,31832.005455354236,227.55900980821187,-227.92900980821187,0.39138905000000024,259.47480904200347,0.023108916997443885,259.451700125006,,2611550,2.699939847587576,2.200833,2.651997e-05,0.00023087425000000003,9.171415000000002e-05,6.929245e-05,2.090793e-05,0.0808963,3.6886610000000008e-06,3.91721225e-05,0.004503475,0.52915575,0.51425235,0.27798095000000006,LFP,60,64
196295.42502648573,2.1187811979855213e-15,0.002290042654442634,21610.605130508015,3.847958965203063,-4.217958965203064,0.0798867499999999,432.6980177499936,0.013262875028885901,432.6847548749647,,4316580,2.6998077055505476,1.216177,2.395695e-05,0.00012329755000000002,3.206845e-05,0.00014276035,2.0240129999999998e-05,0.09664690000000001,1.0188407000000001e-05,4.01700425e-05,0.016747525,0.25315965,0.42942805,0.32729905,LFP,2,69
403333.2158889798,2.2395135713331786e-15,0.004462157250837335,782233.9497248302,189.17611637537675,-189.54611637537676,-0.45988065,404.11317525000777,0.04707033303566277,404.0661049169721,,4091130,2.6999466002902195,1.604613,1.343181e-05,0.00018425215,2.5320250000000005e-05,0.00014034034999999999,1.605315e-05,0.0917047,1.3408283e-05,3.74064575e-05,0.021632545000000003,0.10143525,0.13328345,0.23540065000000002,LCO,50,48
40949.4187291713,2.451960587322875e-15,0.003406606181422251,10295.566751526354,146.31596927696307,-146.68596927696308,0.12385944999999998,624.8561877909815,0.01362870802404359,624.8425590829575,,6331180,2.699922771351337,0.277007,1.2473490000000001e-05,0.00021823855000000005,9.912925000000001e-05,7.903405e-05,2.252541e-05,0.0965011,1.926065e-06,3.5592777500000004e-05,0.006487135000000001,0.11558345,0.41969895,0.51857705,LFP,39,11
9829.728046978538,2.508817632375948e-15,0.006334933359313511,74377.76153811096,380.7916656924335,-381.16166569243353,-0.16778934999999995,257.3609822500148,0.040008542011491954,257.3209737080033,,2594560,2.699873955997644,2.8447810000000007,1.3381050000000001e-05,0.00021242995000000003,7.773265000000001e-05,0.00014505495,2.439993e-05,0.05758870000000001,4.869335e-06,1.1939202500000003e-05,0.005517775000000001,0.33227865,0.22258585000000003,0.20734615,LFP,100,63
18245.355224097937,2.167776170216595e-15,0.00603454647217532,31688.87666499962,84.94440626631646,-85.31440626631647,0.0964244500000001,56.76308624999365,0.021449541964102536,56.741636708029546,,517560,2.6987206810840902,2.8263130000000003,1.219467e-05,5.8497850000000004e-05,8.846695e-05,5.7425650000000005e-05,1.3684890000000001e-05,0.0555457,9.015257e-06,2.2910877500000003e-05,0.008136685000000001,0.52697865,0.36556055000000004,0.13388525,LFP,23,64
304506.4346552067,2.353372393785991e-15,0.004730059293956439,428935.4581329603,88.66001604552582,-89.03001604552583,-0.1833594500000001,323.65703683299944,0.023030499985907227,323.63400633301353,,3249150,2.699866312737666,3.1295530000000005,1.444053e-05,0.00016830475000000002,4.211605000000001e-05,9.914095e-05,2.425359e-05,0.07018210000000001,1.9095239000000003e-05,2.8029177500000008e-05,0.020824675000000004,0.17811755,0.40438845,0.16413455000000005,LFP,24,89
39733.11056703419,2.310252955333917e-15,0.0035513863956391552,168482.38329319516,266.2356870494364,-266.6056870494364,-0.59633585,322.33889891701983,0.01320179202593863,322.3256971249939,,3257870,2.6999526087867087,2.2575290000000003,1.5776670000000002e-05,0.00011511175000000003,2.0158750000000004e-05,0.00012050515,1.4987730000000001e-05,0.0413221,7.357403000000001e-06,2.0369547500000002e-05,0.009523315000000001,0.06815925,0.17678415,0.08872075,LCO,70,83
211409.31738814746,2.283805835208105e-15,0.024866713965319844,260266.8893554537,192.5176791810169,-192.8876791810169,-0.34706675,111.64352625003085,0.01437545899534598,111.6291507910355,,1038030,2.699994384865244,3.8458910000000004,1.6358790000000003e-05,0.00022173505000000002,5.8949650000000006e-05,0.00014209265,2.144397e-05,0.0634561,1.7160779000000003e-05,4.5001242500000005e-05,0.020739835000000005,0.16146185000000002,0.35713535,0.06433605,LFP,51,26
159493.80275104576,2.622647140185285e-15,0.0027492765857415327,55707.93999604037,38.27963871334498,-38.64963871334498,0.33471954999999987,480.46223479200853,0.027310959005262703,480.43492383300327,,4844300,2.699872927428394,0.7547810000000001,1.5706830000000002e-05,0.00021437245000000002,8.698465000000001e-05,9.797165e-05,2.4959190000000003e-05,0.0651109,1.7884271e-05,8.0376125e-06,0.020367505000000004,0.39232885,0.57483945,0.29755125,LCO,11,34
78920.98253297902,2.069353978941598e-15,0.021297933839833968,67940.99034429653,111.83446995334346,-112.20446995334346,-0.49100315000000005,60.60237291600788,0.017511832993477583,60.5848610830144,,248110,2.6998835746172705,2.3491470000000003,2.2464030000000003e-05,4.530145e-05,7.457725e-05,0.00012093084999999999,1.7109930000000002e-05,0.0637759,1.5682511000000005e-05,4.3303392500000006e-05,0.016993645,0.08054925,0.17827685,0.18017075000000002,LCO,30,17
215778.64055257483,2.4758376550113427e-15,0.00835639187027198,564811.1532456763,176.9916185385488,-177.3616185385488,0.03748935000000009,192.64103487500688,0.012649083975702524,192.62838579103118,,1930840,2.699728629812877,3.764571,1.969779e-05,0.00022360825,4.4566750000000005e-05,0.00012517575,1.8542730000000003e-05,0.049692700000000006,1.3323341e-05,1.51967975e-05,0.024927445000000003,0.38500105000000007,0.36376105000000003,0.21872725000000004,LFP,47,64
105917.41873424013,2.5521225234718116e-15,0.012044037678254776,390648.17263760976,188.16798436729167,-188.53798436729167,0.09635954999999996,62.89232649997575,0.027775167021900415,62.86455133295385,,559140,2.698488291917508,3.482003,2.183331e-05,8.789155000000001e-05,8.517475e-05,0.00014389005,2.8654950000000003e-05,0.0693943,8.708159e-06,4.050882500000001e-06,0.021405535,0.36108835,0.08023064999999999,0.58504055,LCO,50,42
165372.94007271275,2.185392241055382e-15,0.0007114666704789604,82786.00999154597,34.76133260944209,-35.13133260944209,0.1408278500000001,1073.7808991670026,0.013530541968066245,1073.7673686250346,,10930060,2.6999717590497796,0.328307,2.237205e-05,0.00013246615,1.9822150000000005e-05,8.930805000000001e-05,2.5572270000000004e-05,0.08994070000000001,8.207615e-06,3.289453250000001e-05,0.016504135000000003,0.44427835000000004,0.22088665000000005,0.40566285,LCO,10,59
80278.3207595673,2.1738228173427703e-15,0.018400185340682527,207303.67724852805,370.394431367007,-370.764431367007,-0.12387565,60.28650791698601,0.012506416998803616,60.27400149998721,,536920,2.6987626588547733,2.8741170000000005,1.433487e-05,0.00014005975,1.652275e-05,0.00013799845,2.620587e-05,0.053999500000000006,1.8667163000000002e-05,2.8664757500000004e-05,0.016157425000000003,0.41879035000000003,0.32262625000000006,0.06470775,LCO,97,23
26392.068853906952,2.189099966225383e-15,0.0060903164411423,48907.48841041322,135.16197686237402,-135.53197686237402,0.18211014999999986,62.59062633395661,0.015429041988682002,62.575197291967925,,573940,2.6984963815098224,3.7450390000000002,2.3800530000000002e-05,5.639785000000001e-05,4.5267850000000004e-05,4.192005e-05,1.785495e-05,0.0679525,7.168511000000001e-06,3.0795237500000006e-05,0.0069241450000000005,0.43738125,0.16160935,0.51311955,LFP,36,82
60440.829353029534,2.234380532077427e-15,0.0032751348287690983,16023.520846735995,7.698829007392991,-8.06882900739299,0.13154125000000005,421.2436598750064,0.009531209012493491,421.2341286659939,,4254400,2.699881371418702,2.447187,1.3523610000000001e-05,0.00015828145000000002,9.564625000000002e-05,0.00012651225,1.597521e-05,0.045512500000000004,3.3108770000000004e-06,3.2649507500000004e-05,0.013961035000000002,0.20384745,0.33629065,0.52140315,LCO,3,100
93394.38771687039,2.4249902569737418e-15,0.0054070159800674355,59145.28715420731,69.30168100897438,-69.67168100897439,-0.2596641500000001,198.4140728749917,0.013066999963484704,198.4010058750282,,1966890,2.69980113323359,0.899561,1.2515070000000001e-05,0.00017843095,9.004285000000001e-05,6.554915e-05,2.662815e-05,0.0422629,8.584805000000002e-06,2.3201937500000005e-05,0.021177685,0.47800275000000003,0.16430565,0.028027450000000002,LCO,19,23
561857.5259845194,2.471040900209651e-15,0.003997571125431756,935216.0793831535,173.2462583086795,-173.6162583086795,-0.09249355000000015,356.5831282910076,0.02772558300057426,356.555402708007,,3466800,2.699982018440108,2.373771,1.498089e-05,0.00017676355000000003,3.8450350000000004e-05,4.3785650000000007e-05,1.545717e-05,0.09066490000000002,2.3719610000000003e-06,3.87003875e-05,0.021116995000000003,0.28655365,0.53027085,0.02068195,LFP,46,79
12820.999465843548,2.170315166975268e-15,0.005128706424703473,37567.76594656932,173.84133180606517,-174.21133180606517,-0.25090265,134.51564133301144,0.02145945798838511,134.49418187502306,,1317250,2.6997075172060323,3.185489,1.966881e-05,0.00010086745000000001,5.3034850000000006e-05,6.097645e-05,1.5287070000000003e-05,0.0743953,5.116835e-06,4.644070250000001e-05,0.004478905,0.39337315,0.27336715,0.01235705,LFP,46,83
188959.5019558516,2.6338391417035636e-15,0.014057690907952378,28349.928316002322,34.47128572424973,-34.84128572424973,0.6024674499999999,101.43092066701502,0.03962129197316244,101.39129937504185,,943590,2.6994902658918005,2.500843,1.6346190000000002e-05,0.00019237075000000001,2.0943550000000004e-05,0.00011001115,1.928757e-05,0.0445201,4.95119e-07,7.877232500000002e-06,0.023154205000000004,0.40587525,0.54434235,0.5822498500000001,LCO,10,25
113195.77086317024,2.2763618127605208e-15,0.001017112704711252,184960.09008026868,312.708709661989,-313.078709661989,0.28285265000000004,1009.010123584012,0.0247614590334706,1008.9853621249786,,10367330,2.6999524482365587,0.332867,2.7333210000000002e-05,0.00012646855000000002,3.5483950000000004e-05,7.319305e-05,2.0829270000000002e-05,0.047268700000000004,8.937047e-06,3.53477525e-05,0.014806285000000002,0.21358245,0.42477885000000004,0.5744913500000001,LCO,82,42
21000.754655186596,2.8069163677200233e-15,0.07132606351548489,15780.498962524525,182.4645413385666,-182.8345413385666,-0.18789065000000005,41.79223949997686,0.024205666966736317,41.76803383301012,,262480,2.697821481827507,3.595319,1.600635e-05,0.00019350475,7.853365e-05,8.754915e-05,2.180325e-05,0.0674437,1.7622515000000004e-05,8.911287500000001e-06,0.007892245,0.46072165,0.22576595000000002,0.055621750000000005,LCO,49,11
60959.15932522414,2.2412489811803186e-15,0.0035826635706692153,87189.18366724656,69.4798009247228,-69.8498009247228,-0.038066050000000184,171.68396220903378,0.015274375036824495,171.66868783399696,,1708480,2.6998269766205762,1.999889,2.325801e-05,0.00010049155000000002,7.991515000000001e-05,4.430815000000001e-05,2.3272770000000003e-05,0.09412390000000001,6.77279e-07,4.00477775e-05,0.010405735000000003,0.44387715,0.11470435,0.33335244999999997,LCO,19,74
8540.714625573102,2.3786509135801166e-15,0.002411746906358436,28813.53387806501,363.2985724744806,-363.6685724744806,-0.36176365,362.6761455000378,0.021478625014424324,362.6546668750234,,3670710,2.699861389300393,0.904615,1.810533e-05,0.00016456885000000002,9.425125e-05,7.741815000000001e-05,2.183061e-05,0.0585871,1.2600641000000001e-05,6.111567500000001e-06,0.004552615,0.022510950000000002,0.46099305,0.08473235000000001,LCO,95,35
173391.33277203032,2.602654057214825e-15,0.004641438527636284,746172.7113654456,337.87247426498027,-338.2424742649803,0.11052545000000003,430.3878575830022,0.024916291004046798,430.36294129199814,,4399430,2.6999469639341127,1.8139930000000002,2.3217150000000002e-05,0.00023524225000000004,8.268085e-05,0.00014411115000000001,2.605287e-05,0.07036930000000001,1.161389e-06,1.0632402500000002e-05,0.019579585000000004,0.22494585000000003,0.23658655000000003,0.57899305,LFP,89,53
53438.89035972931,2.5136059022943532e-15,0.003928409641446455,128126.5774996367,200.06030708637078,-200.4303070863708,-0.16431425,529.8608056659577,0.01437225000699982,529.8464334159507,,4979200,2.6998874999443627,2.9429730000000003,2.9986410000000002e-05,0.00019128295000000003,4.404115e-05,5.3608650000000004e-05,2.079831e-05,0.051348700000000004,2.8523090000000002e-06,3.85865375e-05,0.008657485,0.07251935,0.31453145,0.37863495,LFP,53,100
16915.227916015683,2.505571685920532e-15,0.004649758136802961,15029.320745702464,30.74200093699073,-31.112000936990732,0.21235945,286.4818958749529,0.08682599995518103,286.3950698749977,,2417770,2.699908846942166,2.513687,1.4801610000000001e-05,0.00017285335,9.747235000000002e-05,0.00014048555,2.0292150000000002e-05,0.0494293,1.932203e-06,8.527167500000001e-06,0.008818135000000001,0.4247552500000001,0.43285595,0.28474825000000004,LCO,9,74
49476.56865266335,2.1657725354485696e-15,0.0003451367429629003,39977.178923237865,30.90410172356079,-31.27410172356079,0.52858175,2021.223414957989,0.13899658300215378,2021.0844183749869,,19095240,2.699995681549853,0.251585,2.6232870000000002e-05,0.00015233845,3.0561850000000006e-05,0.00012425395,2.509797e-05,0.0689251,2.6337170000000006e-06,2.2395087500000004e-05,0.012326815000000001,0.5895953500000001,0.40196355000000006,0.46702285,LFP,9,93
19547.436574040752,2.370496322997745e-15,0.0017406791845080295,63955.9159629099,124.5196647313105,-124.8896647313105,-0.26500365000000004,207.36715691699646,0.06279337499290705,207.30436354200356,,2045260,2.6991929495975526,2.344207,2.209881e-05,0.00012411025,5.014585000000001e-05,8.462865000000001e-05,2.057475e-05,0.0819793,1.9411841000000005e-05,3.1385975e-06,0.006268735000000001,0.11648615,0.44432555,0.10418465,LCO,33,90
32068.005584892628,2.300753170359163e-15,0.003655445018133187,52064.85929748198,88.72623327158477,-89.09623327158478,0.6903892500000001,201.4473906660569,0.015100458054803312,201.4322902080021,,1975810,2.6996270146775236,2.092343,2.857449e-05,0.00015613315000000003,4.872835e-05,6.952784999999999e-05,2.9911530000000002e-05,0.0548887,7.727465000000001e-06,2.3149962500000004e-05,0.010891045000000002,0.57824375,0.49900085000000005,0.54314465,LCO,24,76
377928.5065218657,2.1951199579677098e-15,0.006217407484106174,173486.94209991716,42.466773349149925,-42.83677334914992,-0.23232945000000005,160.37525254202774,0.022533000039402395,160.35271954198834,,1553050,2.6998169908650027,2.4132910000000005,1.762653e-05,0.00011106295000000001,3.371455000000001e-05,9.724345e-05,2.4114270000000005e-05,0.09075850000000002,6.543821e-06,3.56101025e-05,0.021641785000000004,0.21450875000000005,0.17718535,0.30597644999999996,LFP,12,52
46223.0314623518,2.5261666098622677e-15,0.005037133825221593,153724.68026893956,215.37977533431874,-215.74977533431874,-0.05156525000000001,391.236713292019,0.020647874975111336,391.21606541704386,,3957730,2.699958651739796,2.983633,2.358615e-05,0.00021421915,2.9305450000000002e-05,0.00013141824999999998,2.9430750000000003e-05,0.09063190000000002,4.35323e-07,1.5085422500000001e-05,0.007761415000000001,0.16577475000000003,0.24364295000000002,0.46901705,LFP,57,80
14997.623939232608,2.410334771354735e-15,0.00939870061899907,56973.42782035644,196.3825861856189,-196.7525861856189,0.25497515000000004,132.35406254202826,0.013233167002908885,132.34082937502535,,1286390,2.699387354863719,3.6930170000000007,1.437285e-05,0.00021512425,6.890005000000001e-05,0.00011336174999999999,1.953633e-05,0.0428419,3.984869000000001e-06,1.58759375e-05,0.008747995000000001,0.53098475,0.51926145,0.13472895000000001,LCO,52,57
274710.52766667743,2.548459562616037e-15,0.006647807547572151,17370.35150393028,7.647203888195882,-8.017203888195882,0.3571218500000001,213.43655783397844,0.026232250034809113,213.41032558394363,,2132480,2.699752837463401,1.231567,1.441767e-05,0.00021391675000000001,6.280435000000001e-05,0.00011144884999999999,2.737911e-05,0.08716690000000002,1.7742701000000005e-05,1.1739717500000002e-05,0.022153135,0.42814185,0.43655525000000006,0.42242475,LFP,3,26
20798.353001213887,2.3718901684415117e-15,0.004633322209458937,36170.415771189066,295.04167238207964,-295.41167238207964,0.2041584500000001,63.75642604101449,0.022964583011344075,63.73346145800315,,584570,2.699535955759303,1.498289,1.528599e-05,0.00010346515000000001,2.6703550000000003e-05,9.864375000000001e-05,1.465257e-05,0.0428233,4.988729e-06,1.7709125000000003e-06,0.008923765,0.34586635000000004,0.47362495000000004,0.31466715000000006,LFP,77,25
357561.9990945272,2.6401826705440957e-15,0.010736550637416818,208033.9287667358,107.29738773053529,-107.6673877305353,0.5824959499999999,77.68453374999808,0.01021179195959121,77.67432195803849,,716510,2.699278609798691,3.0391510000000004,2.328771e-05,0.00013191385000000001,4.234915000000001e-05,4.4646950000000005e-05,1.9095330000000002e-05,0.08544850000000001,7.855373e-06,1.0822482500000002e-05,0.021833305,0.47378425,0.57957125,0.45914045,LCO,29,38
45532.25809826029,2.374800940256085e-15,-0.0018655832950151658,188743.20580376056,100.15297796016357,-100.52297796016357,-0.1552636500000001,80.13840587501181,0.008877916960045695,80.12952795805177,,754690,2.6987103064466433,1.3989950000000002,2.454825e-05,0.00015749605000000001,6.413365000000001e-05,5.4409450000000005e-05,2.281017e-05,0.06042430000000001,7.629059e-06,1.8590225000000002e-06,0.018985075000000004,0.14272935,0.59426225,0.03774475,LCO,26,52
6088.029837592737,2.243529908365539e-15,0.005391315229988991,2586.3040895522076,38.57355002891972,-38.94355002891972,-0.59483135,437.7854742920026,0.009766416973434389,437.7757078750292,,4443270,2.6999586804205706,1.318473,2.3693970000000002e-05,0.00023622085,7.709365000000001e-05,0.00014329495,1.532541e-05,0.05403910000000001,9.091091e-06,4.809895250000001e-05,0.004008925,0.11707024999999999,0.15140825000000002,0.06669015,LCO,11,34
167734.5594707872,2.2156078895864126e-15,0.008714759364660462,20990.14670982966,11.553705242019586,-11.923705242019585,0.2182417499999999,85.97464204096468,0.02034849999472499,85.95429354096996,,805100,2.6993901164494876,2.061297,2.6542650000000002e-05,0.00012269695000000002,4.462435e-05,9.034425e-05,2.938161e-05,0.0740191,1.9520543000000005e-05,2.49403775e-05,0.020262715000000004,0.50352025,0.36013845000000005,0.28458305,LFP,4,33
322787.6688243969,2.196469811597604e-15,0.0007303803236037843,548429.9838592495,131.35508135829994,-131.72508135829995,0.36184185000000013,1002.4252245420357,0.014947084011510015,1002.4102774580242,,10028210,2.6999920610949375,0.31812300000000004,1.8427350000000002e-05,0.00010570165000000001,9.698365000000001e-05,8.596405e-05,2.716059e-05,0.09756010000000001,1.4335913e-05,3.03403325e-05,0.023761525000000002,0.34766585000000005,0.5315275500000001,0.41264845,LFP,35,56
236907.29846899048,2.0973316487076883e-15,0.005474764043693546,748838.5236563026,108.24677429221158,-108.61677429221159,-0.50264975,133.74164891603868,0.02406550000887364,133.7175834160298,,1306740,2.6997876045782143,3.6173210000000005,2.3238570000000003e-05,7.386775000000001e-05,2.529865e-05,0.00014790725000000002,2.6577030000000002e-05,0.0811675,6.075947000000001e-06,3.331231250000001e-05,0.022674355000000004,0.10979555,0.04124345,0.27631125000000006,LFP,29,87
11993.713816419417,2.336936031779367e-15,0.06711557616770401,2510.629384787293,36.27335586255602,-36.64335586255602,0.38147115,7.172819417028222,0.013306209002621472,7.159513208025601,,9960,2.167478946192704,3.9670730000000005,1.413993e-05,0.00010233745000000002,9.015805000000002e-05,4.157685e-05,2.9448210000000004e-05,0.06750790000000001,1.7262551000000002e-05,4.4476542500000006e-05,0.012250165,0.38161445,0.34010795,0.58974875,LFP,10,5
63092.183752575795,2.549041193325414e-15,0.006127654923678519,171964.63034404494,221.60086867725312,-221.97086867725312,0.18529615,248.21760504198028,0.008802000025752932,248.20880304195452,,2525080,2.699731148709111,3.357971,1.5491010000000002e-05,0.00022332475000000002,4.6108450000000004e-05,4.881375000000001e-05,2.7961590000000003e-05,0.050614900000000004,1.2540845e-05,1.3948407500000004e-05,0.011788375000000002,0.35160705000000003,0.56804855,0.19564055000000002,LCO,59,71
105559.96294328758,2.6195559878722073e-15,0.0035704209143248462,1126694.3001850648,379.8155731516568,-380.1855731516568,-0.08476455000000005,352.6843765419908,0.014637166983447969,352.66973937500734,,3587760,2.6998468298014173,2.7636510000000003,1.426359e-05,0.00019835155000000004,4.522105e-05,0.00012075484999999998,2.0704170000000002e-05,0.0570625,8.219495000000001e-06,7.0941425000000025e-06,0.017375005000000002,0.38227525,0.25388535,0.20907485,LCO,100,98
53238.42953317024,2.487112090989208e-15,0.12404034593411521,3568.4630573786567,34.62975524927189,-34.999755249271885,-0.60076675,12.871938708005473,0.023325332964304835,12.848613375041168,,53660,2.6827150868629026,3.1491990000000003,1.450623e-05,0.00012559495,2.7975250000000006e-05,0.00011931165000000001,1.401591e-05,0.050745700000000005,1.5818735000000004e-05,1.7639825e-06,0.015009565,0.11856884999999999,0.14219245,0.06847194999999999,LFP,10,4
28031.37594890908,2.1226952288137465e-15,0.026685972045253425,50090.412940468625,323.9260047948034,-324.2960047948034,0.08192224999999997,36.09973095799796,0.008724583021830767,36.09100637497613,,257870,2.6979444446161662,2.9420230000000007,1.515045e-05,0.00011378665,2.0162350000000005e-05,0.00013839775,2.583057e-05,0.0903319,1.7338781000000006e-05,2.8309347500000007e-05,0.008121565,0.52441215,0.16255335000000004,0.32495675,LFP,85,17
211350.31428896048,2.450095554075257e-15,0.14193798619120485,65371.20004091684,270.1976815493256,-270.5676815493256,-0.23621755,27.505234249983914,0.011833750002551824,27.493400499981362,,156050,2.6971077373898553,2.229333,2.8480350000000003e-05,0.00020251375000000002,3.693565e-05,8.231755000000002e-05,2.8223310000000002e-05,0.0571009,8.552333000000001e-06,4.551109250000001e-05,0.024702115000000004,0.47999105000000003,0.16749165000000002,0.04629975000000001,LFP,72,4
265484.9255202071,2.63944005812884e-15,0.03551011021798453,334760.37802633183,315.90611166895945,-316.27611166895946,-0.33559125,79.2522290829802,0.008611208002548665,79.24361787497764,,625340,2.698233405848429,3.473377,2.327205e-05,0.00020480275,6.785785e-05,8.945765e-05,2.2695870000000002e-05,0.07600090000000001,1.2539261e-05,8.1479975e-06,0.021022075,0.24337155000000002,0.24232135000000002,0.10871585,LFP,84,17
30871.630405867887,2.0302755609824536e-15,0.0020287893532258557,307322.44408343633,216.6536560764677,-217.02365607646772,-0.58278945,200.15042224997887,0.01209691702388227,200.138325332955,,2012680,2.6998732478176204,1.314179,2.085357e-05,4.7855050000000005e-05,5.129335000000001e-05,0.00014437075,2.251407e-05,0.0842485,1.6496687000000002e-05,4.443644750000001e-05,0.010120975,0.20328695000000002,0.01501205,0.12891155,LCO,57,84
12785.75041940168,2.1412452555099567e-15,0.0020335345046360483,39264.17943929457,382.6974330658563,-383.0674330658563,0.37276865000000015,520.5119741249946,0.023860500019509345,520.4881136249751,,5325210,2.699890267199963,0.5954090000000001,2.671707e-05,0.00017397685,2.0955250000000002e-05,0.00011347064999999999,2.7472890000000002e-05,0.0861277,6.0945589999999996e-06,4.74514925e-05,0.004813225,0.41953965000000004,0.45716395000000004,0.42606505,LCO,100,38
157462.7779444306,2.316219645386903e-15,0.0044271800962271245,687197.4932142616,169.6998184534177,-170.0698184534177,-0.29060965000000005,349.8075542910374,0.025741040997672826,349.7818132500397,,3564390,2.699895971933542,2.9235550000000003,1.430859e-05,0.00018932155,8.540875000000002e-05,0.00010611824999999999,1.751853e-05,0.08122030000000001,5.832802999999999e-06,3.12382625e-05,0.017020945000000003,0.25968505,0.10758895,0.27211635,LCO,45,90
32054.736663461546,2.078801996503737e-15,0.022461174717150468,8482.822970033489,34.70044831048412,-35.07044831048412,0.2262303499999999,32.22256833303254,0.023070499999448657,32.19949783303309,,228240,2.6985316058249667,2.431493,2.6051070000000003e-05,7.430875e-05,9.154855000000001e-05,0.00012803795,1.678197e-05,0.07698070000000001,1.575407e-06,4.1393187500000005e-05,0.010951315000000001,0.4683503500000001,0.49406845,0.19381155000000005,LFP,10,17
142858.036629531,2.459230303537115e-15,0.01887805823171063,375461.53226637695,246.08009487105173,-246.45009487105173,-0.4381096500000001,81.8304510419839,0.013676292030140758,81.81677474995377,,747890,2.6996134125393243,2.878829,1.580439e-05,0.00018762685,6.377545000000001e-05,0.00013390535,2.284005e-05,0.08902390000000002,6.497885e-06,1.2940587500000002e-05,0.018830515000000003,0.42106184999999996,0.049001949999999996,0.02182655,LCO,65,24
121769.9300549354,2.0842319687992713e-15,0.00495068909345168,71899.42854760622,34.77340710611324,-35.14340710611324,0.16728935,155.88375529198674,0.014517708972562104,155.86923758301418,,1554560,2.6999848732113634,1.838693,2.2573290000000002e-05,9.952345000000002e-05,6.154165000000002e-05,0.00013198805,2.8539390000000003e-05,0.0474805,1.9153055e-05,4.6505547500000004e-05,0.023209435000000004,0.30420055,0.22293985,0.57014895,LCO,10,50
97691.23396437334,2.066476693126297e-15,0.003592705101816569,262821.12240821234,112.12808626129426,-112.49808626129426,0.49523494999999984,153.86557025002548,0.012994542019441724,153.85257570800604,,1531620,2.699687313365337,2.1400710000000003,2.460765e-05,9.392905000000002e-05,6.320935000000001e-05,0.00013488655,1.652097e-05,0.0959131,1.4888927e-05,3.9115197500000004e-05,0.015421375000000003,0.46511715,0.59172525,0.36839255,LCO,30,79
216864.10274996626,2.3455654009411955e-15,0.013880978422709191,570941.0226915398,258.0457033530543,-258.4157033530543,0.24964154999999988,104.95617820799816,0.01939158304594457,104.93678662495222,,984330,2.6998582998406837,3.155735,2.2973070000000003e-05,0.00018512365000000001,9.542485e-05,9.791335e-05,2.4767490000000002e-05,0.0790735,6.4697690000000005e-06,2.6737722500000005e-05,0.023179405000000004,0.41959275,0.47049795,0.28955085,LCO,68,35
53835.37129164845,2.271320395580601e-15,0.0019009281707342228,384225.68695992103,370.607394163985,-370.977394163985,-0.46316695,734.444335874985,0.024253875017166138,734.4200819999678,,7500000,2.699980764873652,1.421681,2.1016290000000003e-05,0.00014331475000000003,3.6185950000000005e-05,0.00011802025000000002,2.1402390000000003e-05,0.07215550000000001,1.4958821e-05,3.01769825e-05,0.008820865,0.07149865,0.33766535000000003,0.05766905,LCO,97,97
147272.75517911697,2.2549752856533187e-15,0.001350805549462966,537889.2967203284,204.636053797191,-205.00605379719102,0.28353704999999996,299.85403254203266,0.01201762503478676,299.84201491699787,,3009820,2.6999666347815223,0.776213,1.4952090000000001e-05,5.608915000000001e-05,5.4010450000000004e-05,0.00011143235,1.532577e-05,0.053586100000000005,1.2387395000000002e-05,9.745857500000001e-06,0.021741535000000003,0.31863785,0.57963025,0.31526895000000005,LFP,54,74
77336.03922772668,2.3483052281923704e-15,0.014440550243834754,75096.65479686768,92.43772762495034,-92.80772762495035,-0.12284905000000002,51.51677495799959,0.012698250007815659,51.50407670799177,,441590,2.6982991654108535,3.891681,2.7381810000000003e-05,7.057705000000002e-05,7.648705e-05,7.722895e-05,2.3912670000000004e-05,0.07857430000000001,2.5197500000000003e-07,1.4937417500000005e-05,0.012733165000000001,0.24428015,0.46098125,0.10188955000000001,LFP,25,39
105462.95355900681,2.1134887851568805e-15,0.00899431743665811,26688.42379253135,46.348011504107404,-46.7180115041074,0.29087665000000007,68.17542520799907,0.009611124987713993,68.16581408301136,,645890,2.6992274231303828,1.3050589999999997,2.381151e-05,9.366865000000002e-05,4.7425150000000005e-05,0.00012936895,1.4447370000000001e-05,0.0522535,7.387499000000001e-06,2.7500022500000003e-05,0.019390585000000002,0.45537035000000003,0.49324245000000005,0.27226385,LFP,13,20
22644.04182280218,2.3495671532803157e-15,0.005101327278747526,66923.10501747778,331.57981631270087,-331.9498163127009,-0.37025375000000016,236.08098725002492,0.02155466703698039,236.05943258298794,,2348760,2.6998697625269386,1.5592409999999999,1.584507e-05,0.00011957425000000001,4.674835e-05,0.00012577305,1.258797e-05,0.07473250000000001,1.8863381000000004e-05,1.7262927500000002e-05,0.005880235,0.09521665,0.14177355,0.32275604999999996,LCO,87,41
107652.45388590568,2.038211855254883e-15,0.012199007999428082,13538.236355252155,7.714573802989397,-8.084573802989397,0.38533565000000014,26.022862958954647,0.013470666948705912,26.00939229200594,,185820,2.6977435657632793,3.8149590000000004,1.470909e-05,4.576765e-05,1.7540650000000003e-05,8.338785e-05,2.5647330000000003e-05,0.0621799,3.1134710000000006e-06,3.83370575e-05,0.019086295000000003,0.55367025,0.27418135000000005,0.48748405000000006,LFP,3,42
30460.813903123744,2.118881532137002e-15,0.04692030599478244,5397.427439407729,73.04885344614617,-73.41885344614617,0.006207549999999951,56.56786670797737,0.025419499957934022,56.54244720801944,,176490,2.6968244683984963,2.183201,2.187381e-05,9.348595e-05,3.3049450000000006e-05,0.00014492845000000002,1.639335e-05,0.058236100000000006,1.9714979000000003e-05,3.4190937500000004e-05,0.009824245000000002,0.37421585,0.22841505000000004,0.33357665,LFP,20,8
74011.73676243758,2.1864503138335364e-15,0.007394071430335203,58906.26974469864,216.31406253829633,-216.68406253829633,0.28720095000000023,115.74925779202022,0.011551917006727308,115.73770587501349,,1112290,2.699410246150276,0.770969,2.9602290000000002e-05,0.00014407285000000002,1.078795e-05,0.00013683795,2.3077470000000002e-05,0.0416641,2.25641e-07,2.25663575e-05,0.018213115000000002,0.4854485500000001,0.5514400500000001,0.18031235000000004,LCO,57,14
191479.3680194579,2.2132500502414536e-15,0.0015957530283238874,84540.3540107137,61.78351472738401,-62.15351472738401,-0.10764475000000007,396.82488033297705,0.028582457976881415,396.79629787500016,,4053600,2.699974885043336,0.46727300000000005,1.328097e-05,6.812215e-05,8.468155000000001e-05,5.408715e-05,1.553151e-05,0.0820255,1.8997823000000006e-05,3.906322250000001e-05,0.015810715000000003,0.11406714999999999,0.20766475,0.50062335,LCO,17,38
246964.70915529353,2.4723827887306795e-15,0.004818380373852644,933594.1524498992,334.93730688871284,-335.30730688871284,0.07934394999999983,276.4993901250418,0.016019916045479476,276.48337020899635,,2796200,2.699806857034471,3.5285530000000005,2.504991e-05,0.00013694545000000002,5.0339350000000004e-05,5.732445e-05,2.500257e-05,0.0966217,3.286919e-06,2.8387557500000003e-05,0.014138275000000002,0.10996664999999999,0.5658891500000001,0.33348815,LFP,88,98
14834.204458046057,2.637121246718097e-15,0.00455706418021474,11763.184505585508,134.2382146521382,-134.6082146521382,0.6788547499999998,288.03551625000546,0.015648125030566007,288.0198681249749,,2925080,2.6998341508253287,1.505205,1.589097e-05,0.00023415445000000003,9.887095e-05,4.092125e-05,1.386759e-05,0.06003370000000001,1.6702490000000004e-06,2.19476075e-05,0.0053256250000000005,0.48252215000000004,0.54625395,0.58007865,LFP,36,44
241230.14416213933,2.4074476939440664e-15,0.10669138253392624,77580.17664289435,330.9975141443318,-331.3675141443318,-0.10389235000000008,24.819641207985114,0.022322457982227206,24.797318750002887,,152250,2.699493564969521,3.595091,2.5833450000000003e-05,0.00010789195000000001,3.5465050000000004e-05,8.164105e-05,1.732323e-05,0.0629911,1.2369575e-05,2.7962352500000002e-05,0.018136465,0.12147755,0.43413625,0.27049385,LFP,88,7
65546.87635748729,2.0360063171791722e-15,0.00875314312928099,20774.668042227062,11.5868668385373,-11.9568668385373,-0.23522634999999992,46.96559425001033,0.015960958029609174,46.94963329198072,,417760,2.6980525803807476,3.165843,1.722261e-05,4.8314950000000004e-05,2.1889450000000004e-05,0.00014368325,2.062713e-05,0.058738900000000004,3.563723e-06,3.6958482500000004e-05,0.016685785,0.30978785000000003,0.020469550000000003,0.36451625000000004,LCO,4,48
108307.89112824347,2.1119615031916975e-15,0.00585536724599018,261242.1442078507,146.85678360596586,-147.22678360596586,0.09846584999999985,158.15880762500456,0.023398375022225082,158.13540924998233,,1568620,2.6995395182297717,2.3184810000000002,2.157843e-05,0.00016122145,5.499775000000001e-05,0.00011957895000000001,2.107569e-05,0.06051670000000001,1.2207890000000001e-06,4.950475250000001e-05,0.018761845000000003,0.49444015,0.03762675,0.49639895,LFP,39,54
7188.710250593782,2.365936808009159e-15,-0.0003655130761593113,109781.21098186144,254.20676334865811,-254.57676334865812,0.06719585000000006,59.51292758301133,0.02545466599985957,59.48747291701147,,539360,2.69753836831669,1.619395,1.768935e-05,5.8254250000000006e-05,6.905215000000001e-05,4.6375050000000006e-05,2.1781650000000002e-05,0.07310830000000001,1.6486193000000002e-05,1.0091075e-06,0.006650725,0.29976375,0.39703705000000006,0.30039505,LFP,65,93
30243.318580027677,2.4367734359758207e-15,0.006520209358047648,193959.43413704005,254.18277228427542,-254.55277228427542,-0.0265905500000001,163.70167887501884,0.013361166988033801,163.6883177080308,,1621840,2.6996519403070667,3.9038790000000008,1.420887e-05,0.00021622255000000002,2.0264950000000003e-05,5.810105e-05,2.7019830000000004e-05,0.0495169,1.0509958999999999e-05,2.4985422500000005e-05,0.010397755000000002,0.56758835,0.01124785,0.32457325000000004,LCO,67,82
42137.50960556091,2.6284726277810205e-15,0.00859641661438625,64609.220106496396,84.25617497647815,-84.62617497647815,-0.6124900500000001,160.50829575001262,0.021562458015978336,160.48673329199664,,1514260,2.699457817538155,3.6738270000000006,1.925949e-05,0.00012619975,6.401575000000001e-05,0.00014497465,2.865279e-05,0.05465830000000001,2.7729110000000003e-06,5.219577500000001e-06,0.010928845000000001,0.04673045,0.22918205,0.04159745,LCO,23,56
121675.9023305083,2.0783852388059966e-15,0.007835093096998397,481281.993046404,139.1155876172709,-139.4855876172709,0.2624386499999999,71.16774941596668,0.037529915978666395,71.13021949998802,,650020,2.6986528129293954,3.778479,2.296857e-05,0.00010171165000000002,7.270345000000002e-05,0.00010855585,2.2539090000000002e-05,0.09269170000000002,7.374035e-06,4.2089652500000005e-05,0.019542415,0.56368255,0.24190245000000002,0.38685365,LCO,37,67
64414.58379794597,2.0385363720995782e-15,0.006379158582956636,194447.3922365705,73.4295511446074,-73.7995511446074,0.40618034999999997,55.802529375010636,0.011888792039826512,55.79064058297081,,501240,2.6991809982784662,3.6165990000000003,2.571753e-05,4.613515e-05,8.592445e-05,0.00013403735,2.7838830000000004e-05,0.061408300000000006,1.5161177000000004e-05,3.43587425e-05,0.020475235,0.38986265000000003,0.44598345,0.50033425,LFP,20,78
